0.075
0.074
0.051
0.038
0.073
0.072
0.068
0.061
0.050
0.058
0.054
0.032
0.031
0.057
0.034
0.033
0.035
0.062
0.036
0.008
0.043
0.036
0.035
0.022
0.030
0.041
0.021
0.008
0.026
0.013
-0.001
0.005
0.004
0.043
0.020
0.020
0.010
0.018
0.005
-0.010
-0.014
-0.015
-0.009
-0.006
0.002
-0.001
0.005
-0.020
-0.002
-0.002
-0.015
-0.030
-0.024
-0.015
-0.021
-0.015
-0.014
0.004
-0.017
0.002
-0.001
-0.007
-0.031
-0.021
-0.011
-0.035
-0.034
-0.034
0.004
-0.020
-0.031
-0.009
0.019
-0.016
-0.027
-0.017
-0.031
-0.027
-0.035
-0.009
-0.017
-0.004
-0.017
0.011
0.007
-0.016
-0.003
-0.004
0.000
-0.023
-0.009
-0.010
0.003
-0.013
0.006
0.014
0.009
0.005
0.010
0.002
0.007
0.002
-0.018
0.002
0.000
-0.007
0.003
0.002
0.024
0.026
0.024
0.016
0.008
0.007
0.014
0.012
-0.011
-0.004
0.012
0.001
0.005
0.006
0.025
0.014
0.012
0.013
0.016
0.005
-0.007
0.012
-0.009
0.010
0.011
0.023
0.017
0.024
0.009
0.012
0.009
-0.006
0.010
-0.015
0.007
-0.006
0.016
0.016
0.006
0.003
0.021
0.012
-0.004
-0.004
0.005
-0.004
-0.008
-0.002
0.007
0.004
0.000
0.018
0.009
0.023
0.005
-0.008
-0.005
0.004
-0.024
-0.034
-0.003
0.002
-0.007
0.008
0.014
0.019
0.004
-0.011
-0.027
-0.024
-0.012
-0.042
-0.015
-0.009
0.000
0.000
0.000
-0.021
-0.012
-0.009
-0.039
-0.017
-0.023
-0.011
-0.041
-0.022
0.002
-0.006
-0.015
-0.005
-0.002
-0.010
-0.001
0.003
-0.005
-0.005
-0.004
-0.018
-0.021
-0.020
-0.013
0.009
-0.005
0.011
0.009
0.019
0.011
-0.007
-0.009
0.004
-0.004
-0.003
0.019
0.017
0.024
0.040
0.014
0.008
0.022
0.013
-0.025
0.003
0.013
0.023
-0.010
0.021
0.022
0.023
-0.001
0.015
0.022
0.004
0.017
0.026
0.020
0.006
0.009
-0.012
-0.012
-0.020
-0.002
0.010
0.020
0.008
0.023
0.017
-0.005
-0.014
-0.005
-0.017
-0.023
-0.024
0.001
0.003
-0.009
-0.001
0.033
0.014
-0.002
-0.008
0.018
-0.006
-0.013
-0.011
0.004
-0.015
-0.004
0.020
0.001
0.003
0.027
0.029
0.001
-0.024
0.000
0.008
-0.014
-0.027
-0.003
0.014
0.004
0.003
0.021
0.032
0.001
-0.015
-0.009
-0.016
-0.017
-0.032
-0.027
-0.024
-0.007
-0.007
0.001
-0.005
-0.012
0.000
-0.006
-0.007
-0.016
-0.013
-0.020
-0.017
-0.014
0.001
-0.005
-0.008
0.001
0.001
-0.002
-0.005
-0.014
-0.002
-0.017
-0.014
-0.011
0.005
-0.001
-0.007
-0.001
0.018
-0.015
-0.024
-0.006
0.001
-0.020
-0.011
0.011
0.014
0.012
0.012
0.018
0.010
0.001
0.019
-0.008
-0.007
0.008
0.014
0.005
0.003
0.033
0.018
0.003
0.012
0.019
-0.006
0.000
0.016
0.019
0.009
0.006
0.027
0.021
0.006
0.005
0.011
0.008
-0.002
-0.014
0.003
0.003
-0.007
-0.010
0.032
0.013
0.006
0.017
0.014
0.013
0.000
-0.001
-0.008
-0.006
-0.007
-0.008
0.006
0.017
0.025
0.024
0.020
-0.003
-0.001
-0.014
-0.006
-0.013
-0.005
-0.007
0.017
0.012
0.023
0.016
0.003
-0.005
0.010
-0.025
-0.017
-0.009
-0.004
0.007
0.015
0.026
0.010
0.018
0.008
0.010
-0.006
-0.009
0.002
-0.002
-0.002
0.000
0.018
0.002
0.005
-0.002
0.007
0.004
-0.012
-0.015
-0.012
-0.012
-0.046
-0.006
-0.113
-0.363
-0.500
-0.457
-0.414
-0.234
-0.111
0.041
0.197
0.362
0.390
0.220
0.084
-0.144
-0.344
-0.389
-0.282
-0.190
-0.040
0.172
0.401
0.655
0.784
0.651
0.560
0.537
0.294
-0.043
-0.313
-0.334
-0.217
-0.186
-0.185
-0.004
0.229
0.385
0.261
0.000
-0.228
-0.361
-0.385
-0.283
-0.161
-0.133
-0.077
0.039
0.016
-0.145
-0.270
-0.150
-0.031
0.103
0.244
0.436
0.540
0.415
0.195
-0.051
-0.274
-0.423
-0.457
-0.317
-0.098
0.051
0.206
0.315
0.272
0.073
-0.180
-0.416
-0.523
-0.418
-0.245
-0.050
0.131
0.368
0.586
0.540
0.298
0.098
-0.125
-0.367
-0.558
-0.562
-0.368
-0.132
0.055
0.267
0.424
0.493
0.440
0.319
0.171
0.045
-0.088
-0.193
-0.292
-0.315
-0.310
-0.263
-0.173
-0.074
0.034
0.167
0.272
0.365
0.376
0.280
0.169
0.037
-0.126
-0.307
-0.436
-0.447
-0.353
-0.223
-0.090
0.095
0.240
0.322
0.312
0.241
0.118
-0.047
-0.219
-0.317
-0.308
-0.208
-0.080
0.050
0.172
0.293
0.324
0.269
0.214
0.134
0.037
-0.082
-0.152
-0.177
-0.165
-0.088
-0.006
0.110
0.193
0.236
0.209
0.178
0.090
-0.040
-0.165
-0.238
-0.280
-0.268
-0.219
-0.111
-0.016
0.048
0.097
0.128
0.162
0.147
0.135
0.108
0.133
0.152
0.140
0.076
0.009
-0.057
-0.103
-0.155
-0.215
-0.182
-0.117
-0.059
0.017
0.109
0.139
0.118
0.038
-0.032
-0.126
-0.236
-0.309
-0.261
-0.200
-0.109
-0.024
0.070
0.116
0.113
0.072
0.026
-0.008
-0.038
-0.033
0.003
0.070
0.112
0.148
0.135
0.086
0.058
0.015
-0.032
-0.026
-0.002
0.019
0.024
0.005
-0.002
-0.014
-0.048
-0.076
-0.052
0.014
0.062
0.093
0.107
0.073
0.012
-0.049
-0.120
-0.163
-0.142
-0.093
-0.005
0.071
0.126
0.156
0.147
0.114
0.059
-0.002
-0.069
-0.093
-0.102
-0.083
-0.077
-0.055
-0.021
0.022
0.035
0.045
0.054
0.052
0.037
0.041
0.036
0.009
-0.029
-0.062
-0.085
-0.091
-0.071
-0.037
0.016
0.075
0.116
0.117
0.109
0.040
-0.038
-0.116
-0.151
-0.162
-0.121
-0.025
0.064
0.139
0.180
0.202
0.176
0.107
0.029
-0.058
-0.109
-0.120
-0.091
-0.041
0.018
0.046
0.050
0.048
0.009
-0.048
-0.144
-0.171
-0.170
-0.133
-0.074
-0.016
0.043
0.071
0.068
0.050
0.017
-0.044
-0.080
-0.040
0.012
0.054
0.106
0.167
0.192
0.161
0.118
0.069
-0.011
-0.102
-0.124
-0.091
-0.070
-0.053
-0.010
0.029
0.037
0.027
-0.028
-0.051
-0.064
-0.089
-0.087
-0.057
-0.006
0.033
0.053
0.052
0.069
0.053
0.010
-0.022
-0.017
0.004
0.033
0.066
0.071
0.061
0.030
-0.026
-0.103
-0.150
-0.160
-0.142
-0.106
-0.018
0.073
0.133
0.154
0.165
0.125
0.037
-0.061
-0.150
-0.190
-0.181
-0.147
-0.086
-0.004
0.051
0.091
0.100
0.079
0.019
-0.042
-0.072
-0.077
-0.080
-0.043
0.019
0.084
0.127
0.165
0.175
0.142
0.095
0.056
0.033
0.025
0.035
0.055
0.081
0.094
0.090
0.048
0.016
-0.025
-0.072
-0.113
-0.097
-0.083
-0.066
-0.055
-0.039
-0.022
-0.023
-0.019
-0.017
-0.004
-0.008
0.009
0.022
0.030
0.028
-0.004
-0.021
-0.038
-0.052
-0.075
-0.107
-0.088
-0.075
-0.052
-0.036
-0.008
0.008
0.006
-0.003
-0.011
-0.004
0.002
0.024
0.055
0.107
0.129
0.135
0.111
0.077
0.013
-0.060
-0.121
-0.173
-0.179
-0.167
-0.113
-0.046
-0.004
0.041
0.056
0.055
0.033
0.002
-0.030
-0.040
-0.032
-0.005
0.024
0.054
0.086
0.116
0.133
0.119
0.091
0.065
0.049
0.014
0.001
0.002
0.004
-0.012
-0.029
-0.033
-0.043
-0.054
-0.058
-0.062
-0.054
-0.040
-0.032
-0.006
0.027
0.044
0.052
0.079
0.096
0.080
0.037
-0.001
-0.010
-0.054
-0.079
-0.085
-0.052
-0.040
-0.013
0.011
0.020
0.010
-0.002
-0.002
0.004
0.001
0.010
0.038
0.054
0.060
0.064
0.046
0.022
-0.008
-0.029
-0.037
-0.031
-0.018
0.001
0.014
0.009
-0.008
-0.022
-0.049
-0.088
-0.120
-0.107
-0.094
-0.080
-0.049
-0.005
0.036
0.065
0.072
0.085
0.074
0.051
0.025
0.014
-0.007
-0.015
-0.005
0.012
0.028
0.026
0.042
0.043
0.017
-0.013
-0.033
-0.054
-0.059
-0.043
-0.025
-0.003
0.013
0.005
0.005
-0.007
-0.022
-0.040
-0.039
-0.006
0.037
0.064
0.086
0.104
0.085
0.055
0.000
-0.056
-0.093
-0.096
-0.072
-0.033
-0.003
0.051
0.087
0.092
0.064
0.039
0.004
-0.036
-0.071
-0.069
-0.055
-0.044
-0.029
-0.027
-0.010
-0.015
-0.013
-0.005
-0.009
-0.023
-0.009
0.008
0.013
0.012
0.020
0.018
0.005
-0.018
-0.025
-0.032
-0.049
-0.047
-0.036
-0.013
0.011
0.022
0.048
0.062
0.061
0.060
0.053
0.049
0.033
0.036
0.032
0.034
0.037
0.036
0.030
0.026
0.005
-0.014
-0.020
-0.015
-0.015
-0.003
0.019
0.028
0.025
0.007
-0.011
-0.033
-0.060
-0.075
-0.059
-0.028
0.003
0.040
0.065
0.069
0.054
0.027
0.003
-0.038
-0.068
-0.083
-0.073
-0.041
-0.016
-0.003
0.010
0.020
0.000
-0.036
-0.068
-0.073
-0.075
-0.071
-0.049
-0.023
0.002
0.024
0.041
0.032
0.021
0.010
-0.011
-0.025
-0.033
-0.029
-0.019
-0.009
0.010
0.019
0.023
0.033
0.036
0.031
0.038
0.044
0.054
0.060
0.070
0.079
0.080
0.068
0.046
0.037
0.013
-0.017
-0.036
-0.042
-0.042
-0.045
-0.042
-0.033
-0.034
-0.034
-0.040
-0.044
-0.054
-0.051
-0.039
-0.028
-0.013
0.020
0.035
0.046
0.039
0.039
0.029
0.010
0.012
0.029
0.038
0.040
0.048
0.044
0.022
-0.009
-0.034
-0.054
-0.076
-0.074
-0.062
-0.039
-0.009
0.008
0.026
0.034
0.036
0.033
0.029
0.028
0.015
0.005
-0.004
-0.011
-0.021
-0.025
-0.016
-0.014
-0.014
-0.008
-0.003
-0.003
-0.007
-0.016
-0.013
-0.001
-0.005
0.001
0.022
0.047
0.053
0.046
0.046
0.043
0.034
0.016
0.004
0.001
-0.005
-0.014
-0.017
-0.026
-0.035
-0.053
-0.053
-0.058
-0.058
-0.055
-0.051
-0.042
-0.023
-0.013
-0.004
0.003
0.027
0.046
0.056
0.056
0.066
0.060
0.049
0.034
0.034
0.029
0.020
0.017
0.012
-0.003
-0.024
-0.039
-0.060
-0.077
-0.080
-0.070
-0.058
-0.045
-0.020
-0.008
0.008
0.005
0.011
0.009
0.009
0.009
0.019
0.022
0.019
0.025
0.026
0.023
0.008
0.005
0.002
-0.004
-0.007
-0.019
-0.013
-0.010
-0.013
-0.019
-0.012
-0.009
0.000
0.006
0.018
0.024
0.028
0.037
0.046
0.034
0.022
0.016
0.010
-0.012
-0.018
-0.015
-0.008
-0.005
0.004
0.013
0.010
-0.002
-0.017
-0.023
-0.038
-0.041
-0.034
-0.019
-0.001
0.027
0.046
0.058
0.058
0.056
0.044
0.029
0.011
0.012
0.015
0.021
0.022
0.031
0.038
0.023
0.006
-0.006
-0.030
-0.038
-0.044
-0.046
-0.040
-0.033
-0.026
-0.019
-0.022
-0.021
-0.017
-0.011
-0.013
-0.018
-0.014
-0.017
-0.019
-0.021
-0.024
-0.026
-0.022
-0.018
-0.014
-0.008
0.002
0.012
0.025
0.026
0.030
0.024
0.019
0.004
-0.007
-0.015
-0.021
-0.029
-0.029
-0.016
-0.009
0.001
0.016
0.017
0.011
0.012
0.000
-0.014
-0.026
-0.032
-0.028
-0.019
-0.024
-0.015
-0.009
-0.002
-0.005
-0.005
0.002
0.014
0.024
0.036
0.036
0.039
0.033
0.021
0.006
0.000
-0.006
-0.003
-0.009
0.000
0.006
0.015
0.021
0.024
0.027
0.026
0.014
0.008
0.004
-0.002
-0.005
-0.009
-0.003
0.000
-0.001
0.008
0.014
0.019
0.022
0.025
0.021
0.015
0.011
0.008
0.004
0.010
0.015
0.018
0.026
0.032
0.034
0.040
0.036
0.036
0.035
0.028
0.028
0.012
0.005
-0.005
-0.012
-0.012
-0.016
-0.011
-0.005
0.000
-0.007
-0.011
-0.024
-0.040
-0.059
-0.072
-0.079
-0.070
-0.065
-0.048
-0.033
-0.025
-0.026
-0.036
-0.046
-0.059
-0.063
-0.070
-0.068
-0.054
-0.040
-0.029
-0.017
-0.025
-0.029
-0.039
-0.055
-0.071
-0.088
-0.098
