  1 Mikuni             136.1510 36.25600   861   2098    3.8 0
  2 Wajima             136.9010 37.40100  1161   1640    2.0 0
  3 Suzu               137.1510 37.50100  1261   1600   14.5 0
  4 Toyama             137.2190 36.76400  1288   1895    2.0 0
  5 Sado               138.5210 38.32100  1809   1272   18.6 0
  6 Kashiwazaki        138.5160 37.35800  1807   1657    6.3 0
  7 Niigata-West       139.0640 37.93800  2026   1425    2.0 0
  8 Niigata-East       139.2160 37.99100  2087   1404    3.5 0
  9 Tobishima          139.5510 39.18300  2221    927  131.0 0
 10 Fukaura            139.9260 40.65000  2371    341    3.0 0
